100
1000 2
308 2
513 2
29 6
24 20
25 24
32 16
17 21
21 4
20 10
3 20
22 20
28 23
25 2
31 22
31 19
3 21
9 20
11 10
11 8
6 23
1 19
28 4
22 19
11 4
21 16
37 12
25 8
29 11
36 19
17 5
13 21
24 12
20 7
37 22
3 18
30 20
39 23
7 8
20 19
10 11
30 23
3 2
12 21
32 9
30 14
28 21
1 17
12 17
34 4
17 23
33 23
34 13
2 15
37 15
22 11
45 19
27 13
25 13
43 18
2 4
22 4
14 26
42 10
36 15
28 26
13 15
8 6
47 6
37 12
3 25
15 15
39 12
27 9
44 13
22 21
63 18
28 17
14 24
24 7
30 25
32 4
16 10
76 25
7 7
41 18
41 7
51 19
39 21
11 21
14 17
8 2
106 22
132 17
59 25
33 7
22 5
186 25
226 3
276 26
