97
1000 2
415 2
281 2
27 3
9 3
15 14
15 3
30 21
22 6
11 6
27 12
3 25
37 26
37 4
35 26
9 3
19 26
18 4
36 14
8 25
3 7
12 3
4 2
14 17
20 19
10 26
32 6
25 7
11 4
38 8
32 3
14 4
30 24
28 21
14 25
15 22
29 20
22 14
37 14
35 21
38 20
30 20
5 4
24 8
3 11
46 5
9 24
29 14
3 3
40 26
34 24
30 24
12 15
2 15
41 18
28 8
32 12
19 2
34 4
36 18
32 9
1 21
29 15
24 5
42 23
51 9
47 17
31 4
22 17
18 18
3 24
45 13
26 17
65 26
15 14
27 9
29 23
1 15
5 20
47 2
57 4
51 6
43 26
61 12
72 16
76 3
94 9
73 13
9 5
105 12
88 6
79 15
53 18
97 25
43 10
12 5
453 16
